  Marvin  10310817022D          

 20 21  0  0  0  0            999 V2000
    6.5822   -8.8163    0.0000 C   0  0  0  0  0  0  0  0  0  0  0  0
    7.2926   -9.2288    0.0000 N   0  0  0  0  0  0  0  0  0  0  0  0
    5.8662   -9.2288    0.0000 N   0  0  0  0  0  0  0  0  0  0  0  0
    6.5822  -10.4720    0.0000 N   0  0  0  0  0  0  0  0  0  0  0  0
    7.2926  -10.0595    0.0000 C   0  0  0  0  0  0  0  0  0  0  0  0
   10.1397   -7.5676    0.0000 S   0  0  0  0  0  0  0  0  0  0  0  0
    5.8662  -10.0595    0.0000 C   0  0  0  0  0  0  0  0  0  0  0  0
    7.9972   -8.8049    0.0000 C   0  0  0  0  0  0  0  0  0  0  0  0
    9.4236   -7.9800    0.0000 C   0  0  0  0  0  0  0  0  0  0  0  0
   10.6782   -8.3753    0.0000 O   0  0  0  0  0  0  0  0  0  0  0  0
    9.6127   -6.7426    0.0000 O   0  0  0  0  0  0  0  0  0  0  0  0
    6.5708   -7.9914    0.0000 N   0  0  0  0  0  0  0  0  0  0  0  0
   10.8615   -7.1665    0.0000 N   0  0  0  0  0  0  0  0  0  0  0  0
    5.1558  -10.4720    0.0000 N   0  0  0  0  0  0  0  0  0  0  0  0
    9.4350   -8.8049    0.0000 C   0  0  0  0  0  0  0  0  0  0  0  0
    8.7018   -7.5676    0.0000 C   0  0  0  0  0  0  0  0  0  0  0  0
    8.7190   -9.2174    0.0000 C   0  0  0  0  0  0  0  0  0  0  0  0
    7.9972   -7.9914    0.0000 C   0  0  0  0  0  0  0  0  0  0  0  0
    8.1175  -10.0595    0.0000 C   0  0  0  0  0  0  0  0  0  0  0  0
    7.5102  -10.8500    0.0000 C   0  0  0  0  0  0  0  0  0  0  0  0
  2  1  1  0  0  0  0
  3  1  2  0  0  0  0
  4  7  2  0  0  0  0
  5  2  1  0  0  0  0
  6  9  1  0  0  0  0
  7  3  1  0  0  0  0
  8  2  1  0  0  0  0
  9 16  1  0  0  0  0
 10  6  2  0  0  0  0
 11  6  2  0  0  0  0
 12  1  1  0  0  0  0
 13  6  1  0  0  0  0
 14  7  1  0  0  0  0
 15 17  1  0  0  0  0
 16 18  2  0  0  0  0
 17  8  2  0  0  0  0
 18  8  1  0  0  0  0
 19  5  1  0  0  0  0
 20  5  1  0  0  0  0
  4  5  1  0  0  0  0
 15  9  2  0  0  0  0
M  END