          11280714442D 1   1.00000     0.00000     0

 20 21  0     0  0            999 V2000
    4.7875   -6.4125    0.0000 C   0  0  0  0  0  0           0  0  0
    5.3042   -6.7125    0.0000 N   0  0  3  0  0  0           0  0  0
    4.2667   -6.7125    0.0000 N   0  0  0  0  0  0           0  0  0
    4.7875   -7.6167    0.0000 N   0  0  0  0  0  0           0  0  0
    5.3042   -7.3167    0.0000 C   0  0  3  0  0  0           0  0  0
    7.3750   -5.5042    0.0000 S   0  0  3  0  0  0           0  0  0
    4.2667   -7.3167    0.0000 C   0  0  0  0  0  0           0  0  0
    5.8167   -6.4042    0.0000 C   0  0  0  0  0  0           0  0  0
    6.8542   -5.8042    0.0000 C   0  0  0  0  0  0           0  0  0
    7.7667   -6.0917    0.0000 O   0  0  0  0  0  0           0  0  0
    6.9917   -4.9042    0.0000 O   0  0  0  0  0  0           0  0  0
    4.7792   -5.8125    0.0000 N   0  0  0  0  0  0           0  0  0
    7.9000   -5.2125    0.0000 N   0  0  0  0  0  0           0  0  0
    3.7500   -7.6167    0.0000 N   0  0  0  0  0  0           0  0  0
    6.8625   -6.4042    0.0000 C   0  0  0  0  0  0           0  0  0
    6.3292   -5.5042    0.0000 C   0  0  0  0  0  0           0  0  0
    6.3417   -6.7042    0.0000 C   0  0  0  0  0  0           0  0  0
    5.8167   -5.8125    0.0000 C   0  0  0  0  0  0           0  0  0
    5.9042   -7.3167    0.0000 C   0  0  0  0  0  0           0  0  0
    5.4625   -7.8917    0.0000 C   0  0  0  0  0  0           0  0  0
  2  1  1  0     0  0
  3  1  2  0     0  0
  4  7  2  0     0  0
  5  2  1  0     0  0
  6  9  1  0     0  0
  7  3  1  0     0  0
  8  2  1  0     0  0
  9 16  1  0     0  0
 10  6  2  0     0  0
 11  6  2  0     0  0
 12  1  1  0     0  0
 13  6  1  0     0  0
 14  7  1  0     0  0
 15 17  1  0     0  0
 16 18  2  0     0  0
 17  8  2  0     0  0
 18  8  1  0     0  0
 19  5  1  0     0  0
 20  5  1  0     0  0
  4  5  1  0     0  0
 15  9  2  0     0  0
M  END
